   2.4470436e-10  -9.8017292e-10   2.7768744e-09  -6.4198268e-09   1.2834283e-08  -2.2889165e-08   3.7117232e-08  -5.5411505e-08   7.6781481e-08  -9.9252655e-08
   7.1014500e-10  -2.8196797e-09   7.9226779e-09  -1.8175646e-08   3.6076636e-08  -6.3916653e-08   1.0302333e-07  -1.5296299e-07   2.1092286e-07  -2.7148629e-07
   1.9878443e-09  -7.8215887e-09   2.1790132e-08  -4.9591689e-08   9.7705768e-08  -1.7192242e-07   2.7538011e-07  -4.0655621e-07   5.5777395e-07  -7.1474285e-07
   5.3720065e-09  -2.0939739e-08   5.7822523e-08  -1.3051244e-07   2.5516440e-07  -4.4580614e-07   7.0945038e-07  -1.0412462e-06   1.4210411e-06  -1.8125516e-06
   1.4027771e-08  -5.4150396e-08   1.4816660e-07  -3.3157339e-07   6.4310293e-07  -1.1153308e-06   1.7629809e-06  -2.5717180e-06   3.4906204e-06  -4.4309722e-06
   3.5424893e-08  -1.3537837e-07   3.6692421e-07  -8.1384608e-07   1.5654715e-06  -2.6942821e-06   4.2290321e-06  -6.1299434e-06   8.2730783e-06  -1.0449417e-05
   8.6587809e-08  -3.2746722e-07   8.7886420e-07  -1.9314319e-06   3.6833835e-06  -6.2891252e-06   9.7999052e-06  -1.4111281e-05   1.8932511e-05  -2.3788790e-05
   2.0501466e-07  -7.6701082e-07   2.0376205e-06  -4.4352722e-06   8.3831576e-06  -1.4195801e-05   2.1953207e-05  -3.1394558e-05   4.1862083e-05  -5.2315371e-05
   4.7058269e-07  -1.7409460e-06   4.5762310e-06  -9.8624289e-06   1.8468781e-05  -3.1006671e-05   4.7573467e-05  -6.7547395e-05   8.9492482e-05  -1.1120859e-04
   1.0479589e-06  -3.8321740e-06   9.9630680e-06  -2.1250979e-05   3.9412937e-05  -6.5579412e-05   9.9794276e-05  -1.4063857e-04   1.8508587e-04  -2.2864433e-04
   2.2658750e-06  -8.1865028e-06   2.1041983e-05  -4.4402149e-05   8.1526437e-05  -1.3439306e-04   2.0276415e-04  -2.8353317e-04   3.7053971e-04  -4.5492719e-04
   4.7602421e-06  -1.6984520e-05   4.3140697e-05  -9.0021727e-05   1.6356685e-04  -2.6702441e-04   3.9928161e-04  -5.5380278e-04   7.1847243e-04  -8.7642212e-04
   9.7237468e-06  -3.4245984e-05   8.5917905e-05  -1.7720955e-04   3.1849033e-04  -5.1468989e-04   7.6245583e-04  -1.0485573e-03   1.3499668e-03  -1.6356450e-03
   1.9326454e-05  -6.7151999e-05   1.6632445e-04  -3.3891532e-04   6.0222237e-04  -9.6295073e-04   1.4126295e-03  -1.9254576e-03   2.4591287e-03  -2.9584618e-03
   3.7400689e-05  -1.2813986e-04   3.1316624e-04  -6.3011094e-04   1.1064230e-03  -1.7496716e-03   2.5406021e-03  -3.4307076e-03   4.3448512e-03  -5.1882668e-03
   7.0518569e-05  -2.3810058e-04   5.7385410e-04  -1.1394927e-03   1.9761560e-03  -3.0890140e-03   4.4375303e-03  -5.9337299e-03   7.4486200e-03  -8.8250267e-03
   1.2962964e-04  -4.3107642e-04   1.0239711e-03  -2.0054459e-03   3.4330228e-03  -5.3014757e-03   7.5305684e-03  -9.9663110e-03   1.2394686e-02  -1.4564074e-02
   2.3246395e-04  -7.6089443e-04   1.7802301e-03  -3.4366908e-03   5.8035594e-03  -8.8486079e-03   1.2421216e-02  -1.6261188e-02   2.0025504e-02  -2.3325658e-02
   4.0693410e-04  -1.3101516e-03   3.0171700e-03  -5.7373837e-03   9.5514155e-03  -1.4368986e-02   1.9920480e-02  -2.5781499e-02   3.1421301e-02  -3.6262041e-02
   6.9577664e-04  -2.2018537e-03   4.9874893e-03  -9.3354068e-03   1.5310013e-02  -2.2709350e-02   3.1071603e-02  -3.9728742e-02   4.7888837e-02  -5.4725437e-02
   1.1626434e-03  -3.6137647e-03   8.0451868e-03  -1.4811128e-02   2.3910103e-02  -3.4941876e-02   4.7147820e-02  -5.9513783e-02   7.0901978e-02  -8.0178740e-02
   1.8997722e-03  -5.7951219e-03   1.2669674e-02  -2.2922136e-02   3.6394209e-02  -5.2355853e-02   6.9610333e-02  -8.6674297e-02   1.0197729e-01  -1.1403361e-01
   3.0372185e-03  -9.0847998e-03   1.9487783e-02  -3.4617571e-02   5.4007827e-02  -7.6410474e-02   1.0001160e-01  -1.2272426e-01   1.4247293e-01  -1.5740851e-01
   4.7534102e-03  -1.3929287e-02   2.9289277e-02  -5.1034059e-02   7.8156137e-02  -1.0863596e-01   1.3983233e-01  -1.6892800e-01   1.9330994e-01  -2.1081373e-01
   7.2864956e-03  -2.0898041e-02   4.3030246e-02  -7.3464336e-02   1.1031562e-01  -1.5047382e-01   1.9024823e-01  -2.2600358e-01   2.5463145e-01  -2.7379002e-01
   1.0945610e-02  -3.0693006e-02   6.1818048e-02  -1.0329010e-01   1.5189310e-01  -2.0305434e-01   2.5183468e-01  -2.9377707e-01   3.2543617e-01  -3.4455071e-01
   1.6120825e-02  -4.4148486e-02   8.6871420e-02  -1.4187270e-01   2.0403074e-01  -2.6692038e-01   3.2423373e-01  -3.7082940e-01   4.0324402e-01  -4.1969826e-01
   2.3290204e-02  -6.2217300e-02   1.1945050e-01  -1.9039965e-01   2.6736442e-01  -3.4172023e-01   4.0582480e-01  -4.5419597e-01   4.8386942e-01  -4.9409983e-01
   3.3022167e-02  -8.5939435e-02   1.6075393e-01  -2.4969112e-01   3.4175380e-01  -4.2590726e-01   4.9345704e-01  -5.3919300e-01   5.6138517e-01  -5.6100592e-01
   4.5971255e-02  -1.1639037e-01   2.1178387e-01  -3.1997847e-01   4.2601418e-01  -5.1649646e-01   5.8231032e-01  -6.1944660e-01   6.2835193e-01  -6.1247657e-01
   6.2865590e-02  -1.5460783e-01   2.7318482e-01  -4.0067561e-01   5.1769010e-01  -6.0893588e-01   6.6595192e-01  -6.8718845e-01   6.7636118e-01  -6.4013847e-01
   8.4484661e-02  -2.0149826e-01   3.4506733e-01  -4.9017129e-01   6.1291738e-01  -6.9714960e-01   7.3664211e-01  -7.3385172e-01   6.9689386e-01  -6.3623747e-01
   1.1162683e-01  -2.5772685e-01   4.2683344e-01  -5.8567640e-01   7.0641946e-01  -7.7379720e-01   7.8591344e-01  -7.5095556e-01   6.8243666e-01  -5.9488206e-01
   1.4506684e-01  -3.2359826e-01   5.1702487e-01  -6.8316133e-01   7.9167677e-01  -8.3077120e-01   8.0540783e-01  -7.3121062e-01   6.2773357e-01  -5.1330784e-01
   1.8550473e-01  -3.9893798e-01   6.1321723e-01  -7.7741491e-01   8.6129046e-01  -8.5992087e-01   7.8790706e-01  -6.6972099e-01   5.3099387e-01  -3.9294610e-01
   2.3350872e-01  -4.8298609e-01   7.1198336e-01  -8.6224690e-01   9.0753822e-01  -8.5395146e-01   7.2844434e-01  -5.6511166e-01   3.9484402e-01  -2.4006671e-01
   2.8945573e-01  -5.7431681e-01   8.0894504e-01  -9.3084116e-01   9.2309093e-01  -8.0740942e-01   6.2534645e-01  -4.2038630e-01   2.2681169e-01  -6.5796538e-02
   3.5347414e-01  -6.7079619e-01   8.9892515e-01  -9.7624775e-01   9.0182902e-01  -7.1763260e-01   4.8103736e-01  -2.4332785e-01   3.9172159e-02   1.1460881e-01
   4.2539359e-01  -7.6958892e-01   9.7620259e-01  -9.9198178e-01   8.3967230e-01  -5.8552732e-01   3.0244132e-01  -4.6297712e-02  -1.5193061e-01   2.8324669e-01
   5.0470709e-01  -8.6722114e-01   1.0348606e+00  -9.7267784e-01   7.3532028e-01  -4.1603739e-01   1.0086055e-01   1.5463389e-01  -3.2806340e-01   4.2167419e-01
   5.9054976e-01  -9.5970162e-01   1.0692067e+00  -9.1473388e-01   5.9079721e-01  -2.1819476e-01  -1.0873428e-01   3.4119351e-01  -4.7063434e-01   5.1338060e-01
   6.8169778e-01  -1.0426980e+00   1.0742319e+00  -8.1687133e-01   4.1170764e-01  -4.6875695e-03  -3.0897964e-01   4.9490483e-01  -5.6331117e-01   5.4626665e-01
   7.7658945e-01  -1.1117589e+00   1.0460689e+00  -6.8053938e-01   2.0713589e-01   2.0905757e-01  -4.8185128e-01   5.9934575e-01  -5.9438330e-01   5.1472752e-01
   8.7336873e-01  -1.1625672e+00   9.8240475e-01  -5.1010294e-01  -1.0838043e-02   4.0621386e-01  -6.1066224e-01   6.4235762e-01  -5.5869610e-01   4.2096241e-01
   9.6994951e-01  -1.1912066e+00   8.8280484e-01  -3.1277370e-01  -2.2798657e-01   5.7018336e-01  -6.8207871e-01   6.1788043e-01  -4.5882128e-01   2.7523061e-01
   1.0640972e+00  -1.1944203e+00   7.4891203e-01  -9.8270301e-02  -4.2907942e-01   6.8633652e-01  -6.8788221e-01   5.2711848e-01  -3.0522354e-01   9.4929712e-02
   1.1535226e+00  -1.1698404e+00   5.8449374e-01   1.2177636e-01  -5.9921669e-01   7.4365417e-01  -6.2622407e-01   3.7882278e-01  -1.1532838e-01  -9.7439109e-02
   1.2359825e+00  -1.1161699e+00   3.9532581e-01   3.3462738e-01  -7.2521206e-01   7.3606500e-01  -5.0217496e-01   1.8859664e-01   8.8434920e-02  -2.7716520e-01
   1.3093792e+00  -1.0333009e+00   1.8891659e-01   5.2737967e-01  -7.9687618e-01   6.6330117e-01  -3.2746209e-01  -2.2727054e-02   2.8137593e-01  -4.2067396e-01
   1.3718538e+00  -9.2235968e-01  -2.5909394e-02   6.8796217e-01  -8.0805684e-01   5.3115073e-01  -1.1939474e-01  -2.3145011e-01   4.3970029e-01  -5.0882618e-01
   1.4218667e+00  -7.8567457e-01  -2.3953543e-01   8.0609028e-01  -7.5731784e-01   3.5105875e-01   1.0090952e-01  -4.1381371e-01   5.4363515e-01  -5.2966524e-01
   1.4582601e+00  -6.2666976e-01  -4.4214124e-01   8.7408814e-01  -6.4817815e-01   1.3910993e-01   3.1078959e-01  -5.4887295e-01   5.8007145e-01  -4.8018332e-01
   1.4802999e+00  -4.4969317e-01  -6.2430811e-01   8.8750204e-01  -4.8888292e-01  -8.5498148e-02   4.8852006e-01  -6.2105613e-01   5.4433875e-01  -3.6682618e-01
   1.4876943e+00  -2.5979254e-01  -7.7759179e-01   8.4545032e-01  -2.9172942e-01  -3.0231983e-01   6.1570037e-01  -6.2206652e-01   4.4085483e-01  -2.0465171e-01
   1.4805904e+00  -6.2456964e-02  -8.9501888e-01   7.5068251e-01  -7.2020013e-02  -4.9165469e-01   6.7926236e-01  -5.5187712e-01   2.8255899e-01  -1.5265278e-02
   1.4595489e+00   1.3665740e-01  -9.7147098e-01   6.0934932e-01   1.5324774e-01  -6.3644813e-01   6.7285855e-01  -4.1869602e-01   8.9215506e-02   1.7615891e-01
   1.4255011e+00   3.3199811e-01  -1.0039321e+00   4.3051289e-01   3.6681938e-01  -7.2389481e-01   5.9747597e-01  -2.3792173e-01  -1.1516555e-01   3.4432790e-01
   1.3796908e+00   5.1836656e-01  -9.9158777e-01   2.2544956e-01   5.5260774e-01  -7.4658141e-01   4.6122194e-01  -3.0242179e-02  -3.0542296e-01   4.6724769e-01
   1.3236064e+00   6.9113269e-01  -9.3577807e-01   6.8134307e-03   6.9696899e-01  -7.0306407e-01   2.7833109e-01   1.8086111e-01  -4.5842612e-01   5.2912340e-01
   1.2589083e+00   8.4640379e-01  -8.3981653e-01  -2.1226243e-01   7.8971869e-01  -5.9784324e-01   6.7535343e-02   3.7187463e-01  -5.5591864e-01   5.2234807e-01
   1.1873542e+00   9.8114091e-01  -7.0869914e-01  -4.1905062e-01   8.2480901e-01  -4.4076710e-01  -1.4999292e-01   5.2193210e-01  -5.8666194e-01   4.4833299e-01
   1.1107288e+00   1.0932207e+00  -5.4873208e-01  -6.0203060e-01   8.0062670e-01  -2.4595384e-01  -3.5287554e-01   6.1509088e-01  -5.4762856e-01   3.1710814e-01
   1.0307790e+00   1.1814451e+00  -3.6711118e-01  -7.5155016e-01   7.1991082e-01  -3.0368057e-02  -5.2168683e-01   6.4195311e-01  -4.4413400e-01   1.4579756e-01
   9.4915902e-01   1.2455029e+00  -1.7148606e-01  -8.6030835e-01   5.8932535e-01   1.8778729e-01  -6.4080686e-01   6.0047533e-01  -2.8894185e-01  -4.3774445e-02
   8.6738577e-01   1.2858927e+00   3.0460598e-02  -9.2363948e-01   4.1875059e-01   3.9069622e-01  -6.9979162e-01   4.9591868e-01  -1.0050758e-01  -2.2798640e-01
   7.8680547e-01   1.3038152e+00   2.3139290e-01  -9.3959651e-01   2.2037686e-01   5.6241723e-01  -6.9414906e-01   3.3999767e-01   9.9374377e-02  -3.8442532e-01
   7.0857213e-01   1.3010447e+00   4.2464130e-01  -9.0884833e-01   7.6933146e-03   6.9010595e-01  -6.2548354e-01   1.4937554e-01   2.8819913e-01  -4.9460110e-01
   6.3363660e-01   1.2797912e+00   6.0444898e-01  -8.3441865e-01  -2.0553576e-01   7.6488352e-01  -5.0104182e-01  -5.6282200e-02   4.4532373e-01  -5.4604156e-01
   5.6274529e-01   1.2425604e+00   7.6613946e-01  -7.2130298e-01  -4.0622434e-01   7.8230458e-01  -3.3275362e-01  -2.5645163e-01   5.5418445e-01  -5.3354414e-01
   4.9644708e-01   1.1920198e+00   9.0620557e-01  -5.7600484e-01  -5.8278023e-01   7.4242089e-01  -1.3590318e-01  -4.3184689e-01   6.0392704e-01  -4.5948481e-01
   4.3510669e-01   1.1308780e+00   1.0223257e+00  -4.0603291e-01  -7.2573539e-01   6.4947504e-01   7.2408288e-02  -5.6625179e-01   5.9030712e-01  -3.3321139e-01
   3.7892275e-01   1.0617794e+00   1.1133167e+00  -2.1939781e-01  -8.2816464e-01   5.1128783e-01   2.7484464e-01  -6.4791881e-01   5.1581537e-01  -1.6965917e-01
   3.2794907e-01   9.8721965e-01   1.1790363e+00  -2.4141714e-02  -8.8588707e-01   3.3842321e-01   4.5531051e-01  -6.7043028e-01   3.8907536e-01   1.2590264e-02
   2.8211743e-01   9.0947997e-01   1.2202472e+00   1.7207351e-01  -8.9746249e-01   1.4322359e-01   6.0019685e-01  -6.3298359e-01   2.2363892e-01   1.9353929e-01
   2.4126066e-01   8.3058232e-01   1.2384585e+00   3.6230186e-01  -8.6400969e-01  -6.1192237e-02   6.9930850e-01  -5.4012573e-01   3.6358509e-02   3.5401617e-01
   2.0513506e-01   7.5226276e-01   1.2357550e+00   5.4056289e-01  -7.8888272e-01  -2.6188509e-01   7.4642605e-01  -4.0101516e-01  -1.5445606e-01   4.7767635e-01
   1.7344116e-01   6.7596131e-01   1.2146273e+00   7.0200349e-01  -6.7724726e-01  -4.4693726e-01   7.3949360e-01  -2.2832719e-01  -3.3088781e-01   5.5256278e-01
   1.4584243e-01   6.0282561e-01   1.1778109e+00   8.4297578e-01  -5.3559962e-01  -6.0613068e-01   6.8045830e-01  -3.6940425e-02  -4.7708239e-01   5.7209409e-01
   1.2198155e-01   5.3372547e-01   1.1281411e+00   9.6104008e-01  -3.7126873e-01  -7.3143216e-01   5.7481512e-01   1.5745348e-01  -5.8058944e-01   5.3542617e-01
   1.0149405e-01   4.6927563e-01   1.0684285e+00   1.0549052e+00  -1.9193608e-01  -8.1727598e-01   4.3092844e-01   3.3968490e-01  -6.3327710e-01   4.4720570e-01
   8.4019341e-02   4.0986382e-01   1.0013583e+00   1.1243204e+00  -5.2015957e-03  -8.6065108e-01   2.5921131e-01   4.9627525e-01  -6.3177535e-01   3.1679726e-01
   6.9209396e-02   3.5568203e-01   9.2941259e-01   1.1699327e+00   1.8178449e-01  -8.6101404e-01   7.1243708e-02   6.1635868e-01  -5.7745448e-01   1.5711107e-01
   5.6735038e-02   3.0675868e-01   8.5481604e-01   1.1931244e+00   3.6261156e-01  -8.2005850e-01  -1.2109533e-01   6.9230724e-01  -4.7598925e-01  -1.6814388e-02
   4.6290326e-02   2.6299033e-01   7.7950275e-01   1.1958432e+00   5.3181557e-01  -7.4137747e-01  -3.0641883e-01   7.2004286e-01  -3.3659178e-01  -1.8931389e-01
   3.7595211e-02   2.2417145e-01   7.0510145e-01   1.1804343e+00   6.8500450e-01  -6.3005665e-01  -4.7449888e-01   6.9904838e-01  -1.7101631e-01  -3.4553024e-01
   3.0396793e-02   1.9002158e-01   6.3293611e-01   1.1494845e+00   8.1890883e-01  -4.9223540e-01  -6.1677847e-01   6.3211336e-01   7.5531378e-03  -4.7265579e-01
   2.4469452e-02   1.6020923e-01   5.6403871e-01   1.1056824e+00   9.3136704e-01  -3.3466827e-01  -7.2671398e-01   5.2486715e-01   1.8562546e-01  -5.6088739e-01
   1.9614132e-02   1.3437234e-01   4.9917098e-01   1.0517006e+00   1.0212583e+00  -1.6431399e-01  -7.9994861e-01   3.8516129e-01   3.5044163e-01  -6.0403995e-01
   1.5656989e-02   1.1213520e-01   4.3885220e-01   9.9009940e-01   1.0883958e+00   1.2027321e-02  -8.3432943e-01   2.2236630e-01   4.9085615e-01  -5.9980120e-01
   1.2447625e-02   9.3122013e-02   3.8339057e-01   9.2325392e-01   1.1333928e+00   1.8801517e-01  -8.2978973e-01   4.6644827e-02   5.9800968e-01  -5.4964490e-01
   9.8570640e-03   7.6967332e-02   3.3291584e-01   8.5330302e-01   1.1575149e+00   3.5800042e-01  -7.8812432e-01  -1.3174425e-01   6.6576609e-01  -4.5844741e-01
   7.7756026e-03   6.3323766e-02   2.8741173e-01   7.8211765e-01   1.1625270e+00   5.1718636e-01  -7.1268797e-01  -3.0306683e-01   6.9090945e-01  -3.3387229e-01
   6.1106513e-03   5.1867237e-02   2.4674649e-01   7.1128635e-01   1.1505460e+00   6.6172193e-01  -6.0804748e-01  -4.5862792e-01   6.7311634e-01  -1.8559859e-01
   4.7846308e-03   4.2300251e-02   2.1070110e-01   6.4211496e-01   1.1239030e+00   7.8873394e-01  -4.7961567e-01  -5.9116016e-01   6.1473369e-01  -2.4471777e-02
   3.7329860e-03   3.4353525e-02   1.7899414e-01   5.7563740e-01   1.0850225e+00   8.9630727e-01  -3.3329155e-01  -6.9507919e-01   5.2040283e-01   1.3834853e-01
   2.9023502e-03   2.7786326e-02   1.5130337e-01   5.1263475e-01   1.0363189e+00   9.8342326e-01  -1.7512683e-01  -7.6660874e-01   3.9657575e-01   2.9217926e-01
   2.2488805e-03   2.2385837e-02   1.2728377e-01   4.5365989e-01   9.8011358e-01   1.0498672e+00  -1.1033175e-02  -8.0378695e-01   2.5097059e-01   4.2749214e-01
   1.7367716e-03   1.7965816e-02   1.0658220e-01   3.9906546e-01   9.1857062e-01   1.0961153e+00   1.5346024e-01  -8.0637080e-01   9.2010669e-02   5.3644409e-01
   1.3369480e-03   1.4364789e-02   8.8848928e-02   3.4903328e-01   8.5365196e-01   1.1232104e+00   3.1339392e-01  -7.7565993e-01  -7.1714392e-02   6.1324061e-01
   1.0259275e-03   1.1443946e-02   7.3746378e-02   3.0360346e-01   7.8708867e-01   1.1326349e+00   4.6450963e-01  -7.1426221e-01  -2.3193416e-01   6.5432753e-01
   7.8484367e-04   9.0849103e-03   6.0955386e-02   2.6270237e-01   7.2036695e-01   1.1261874e+00   6.0332871e-01  -6.2582342e-01  -3.8110674e-01   6.5842002e-01
   5.9861433e-04   7.1874731e-03   5.0179379e-02   2.2616831e-01   6.5472613e-01   1.1058679e+00   7.2718271e-01  -5.1474175e-01  -5.1273776e-01   6.2638724e-01
   4.5524045e-04   5.6673975e-03   4.1146839e-02   1.9377457e-01   5.9116633e-01   1.0737763e+00   8.3420284e-01  -3.8588509e-01  -6.2160289e-01   5.6101902e-01
   3.4521995e-04   4.4543331e-03   3.3612385e-02   1.6524954e-01   5.3046320e-01   1.0320242e+00   9.2327632e-01  -2.4432573e-01  -7.0387472e-01   4.6670422e-01
   2.6106158e-04   3.4898899e-03   2.7356790e-02   1.4029376e-01   4.7318774e-01   9.8266358e-01   9.9397757e-01  -9.5103706e-02  -7.5716075e-01   3.4905259e-01
   1.9688474e-04   2.7258879e-03   2.2186207e-02   1.1859400e-01   4.1972924e-01   9.2763071e-01   1.0464821e+00   5.6974004e-02  -7.8046337e-01   2.1449025e-01
   1.4809227e-04   2.1227924e-03   1.7930821e-02   9.9834561e-02   3.7031967e-01   8.6870462e-01   1.0814700e+00   2.0749401e-01  -7.7407563e-01   6.9856391e-02
   1.1110471e-04   1.6483342e-03   1.4443142e-02   8.3706039e-02   3.2505831e-01   8.0747971e-01   1.1000262e+00   3.5255578e-01  -7.3942795e-01  -7.7975695e-02
   8.3145752e-05   1.2763066e-03   1.1596074e-02   6.9911855e-02   2.8393559e-01   7.4535017e-01   1.1035412e+00   4.8885073e-01  -6.7890131e-01  -2.2243514e-01
   6.2070084e-05   9.8552954e-04   9.2808949e-03   5.8172856e-02   2.4685532e-01   6.8350440e-01   1.0936180e+00   6.1370437e-01  -5.9562145e-01  -3.5753473e-01
   4.6225932e-05   7.5896360e-04   7.4052282e-03   4.8230306e-02   2.1365499e-01   6.2292785e-01   1.0719864e+00   7.2508573e-01  -4.9324745e-01  -4.7808941e-01
   3.4345978e-05   5.8296142e-04   5.8910871e-03   3.9847551e-02   1.8412372e-01   5.6441211e-01   1.0404293e+00   8.2158950e-01  -3.7576590e-01  -5.7986922e-01
   2.5461154e-05   4.4663855e-04   4.6730253e-03   3.2810643e-02   1.5801772e-01   5.0856873e-01   1.0007187e+00   9.0239633e-01  -2.4729957e-01  -6.5968808e-01
   1.8832883e-05   3.4134946e-04   3.6964298e-03   2.6928154e-02   1.3507345e-01   4.5584620e-01   9.5456460e-01   9.6721692e-01  -1.1193733e-01  -7.1543309e-01
   1.3900036e-05   2.6025381e-04   2.9159704e-03   2.2030398e-02   1.1501833e-01   4.0654875e-01   9.0357507e-01   1.0162252e+00   2.6410214e-02  -7.4604150e-01
   1.0237615e-05   1.9795993e-04   2.2942122e-03   1.7968228e-02   9.7579371e-02   3.6085586e-01   8.4922730e-01   1.0499853e+00   1.6412716e-01  -7.5143403e-01
   7.5246820e-06   1.5023337e-04   1.8003886e-03   1.4611565e-02   8.2489859e-02   3.1884171e-01   7.9284824e-01   1.0693766e+00   2.9798010e-01  -7.3241423e-01
   5.5195813e-06   1.1376021e-04   1.4093289e-03   1.1847767e-02   6.9494324e-02   2.8049374e-01   7.3560393e-01   1.0755199e+00   4.2517830e-01  -6.9054352e-01
   4.0408653e-06   8.5955634e-05   1.1005307e-03   9.5799375e-03   5.8352057e-02   2.4573002e-01   6.7849593e-01   1.0697078e+00   5.4340816e-01  -6.2800120e-01
   2.9526635e-06   6.4810111e-05   8.5736340e-04   7.7252385e-03   4.8839401e-02   2.1441498e-01   6.2236374e-01   1.0533414e+00   6.5084499e-01  -5.4743812e-01
   2.1535028e-06   4.8766255e-05   6.6639075e-04   6.2132578e-03   4.0751038e-02   1.8637338e-01   5.6789174e-01   1.0278733e+00   7.4614524e-01  -4.5183110e-01
   1.5677936e-06   3.6620762e-05   5.1679899e-04   4.9844701e-03   3.3900483e-02   1.6140243e-01   5.1561948e-01   9.9475995e-01   8.2842302e-01  -3.4434449e-01
   1.1393675e-06   2.7446638e-05   3.9991674e-04   3.9888105e-03   2.8119953e-02   1.3928212e-01   4.6595440e-01   9.5542118e-01   8.9721439e-01  -2.2820339e-01
   8.2658854e-07   2.0531780e-05   3.0881504e-04   3.1843736e-03   2.3259774e-02   1.1978371e-01   4.1918590e-01   9.1120871e-01   9.5243286e-01  -1.0658199e-01
   5.9866530e-07   1.5330664e-05   2.3797601e-04   2.5362448e-03   1.9187463e-02   1.0267674e-01   3.7550002e-01   8.6338189e-01   9.9431944e-01   1.7490725e-02
   4.3287858e-07   1.1426492e-05   1.8301974e-04   2.0154595e-03   1.5786580e-02   8.7734426e-02   3.3499419e-01   8.1309080e-01   1.0233900e+00   1.4120717e-01
   3.1250222e-07   8.5016377e-06   1.4048054e-04   1.5980891e-03   1.2955457e-02   7.4737882e-02   2.9769151e-01   7.6136553e-01   1.0403820e+00   2.6203886e-01
   2.2524873e-07   6.3146539e-06   1.0762436e-04   1.2644426e-03   1.0605859e-02   6.3479110e-02   2.6355417e-01   7.0911092e-01   1.0462035e+00   3.7777660e-01
   1.6211031e-07   4.6824467e-06   8.2300646e-05   9.9837762e-04   8.6616445e-03   5.3763114e-02   2.3249582e-01   6.5710588e-01   1.0418845e+00   4.8655441e-01
   1.1649690e-07   3.4664984e-06   6.2822548e-05   7.8670799e-04   7.0574503e-03   4.5409176e-02   2.0439269e-01   6.0600629e-01   1.0285329e+00   5.8685884e-01
   8.3596785e-08   2.5622534e-06   4.7870532e-05   6.1869970e-04   5.7374469e-03   3.8251509e-02   1.7909350e-01   5.5635085e-01   1.0072958e+00   6.7752587e-01
   5.9903447e-08   1.8909655e-06   3.6415102e-05   4.8564361e-04   4.6541691e-03   3.2139381e-02   1.5642789e-01   5.0856900e-01   9.7932527e-01   7.5772741e-01
   4.2866329e-08   1.3934542e-06   2.7655083e-05   3.8049583e-04   3.7674408e-03   2.6936862e-02   1.3621374e-01   4.6299022e-01   9.4575040e-01   8.2694961e-01
   3.0633588e-08   1.0253354e-06   2.0968509e-05   2.9757667e-04   3.0433971e-03   2.2522261e-02   1.1826318e-01   4.1985426e-01   9.0765433e-01   8.8496507e-01
   2.1863061e-08   7.5338961e-07   1.5873686e-05   2.3231978e-04   2.4536063e-03   1.8787366e-02   1.0238749e-01   3.7932171e-01   8.6605651e-01   9.3180087e-01
   1.5583670e-08   5.5280180e-07   1.1998407e-05   1.8106427e-04   1.9742876e-03   1.5636544e-02   8.8401014e-02   3.4148463e-01   8.2189969e-01   9.6770414e-01
   1.1093993e-08   4.0507066e-07   9.0557075e-06   1.4088308e-04   1.5856217e-03   1.2985759e-02   7.6124199e-02   3.0637673e-01   7.7604108e-01   9.9310671e-01
   7.8882178e-09   2.9642756e-07   6.8248192e-06   1.0944201e-04   1.2711472e-03   1.0761557e-02   6.5385781e-02   2.7398319e-01   7.2924734e-01   1.0085901e+00
   5.6021636e-09   2.1664437e-07   5.1362522e-06   8.4884320e-05   1.0172365e-03   8.9000476e-03   5.6024374e-02   2.4424961e-01   6.8219264e-01   1.0148519e+00
   3.9740317e-09   1.5813625e-07   3.8601481e-06   6.5736646e-05   8.1264290e-04   7.3459210e-03   4.7889472e-02   2.1709023e-01   6.3545939e-01   1.0126741e+00
   2.8159048e-09   1.1528810e-07   2.8972074e-06   5.0832580e-05   6.4811263e-04   6.0515000e-03   4.0841998e-02   1.9239530e-01   5.8954112e-01   1.0028945e+00
   1.9930943e-09   8.3949860e-08   2.1716426e-06   3.9250816e-05   5.1605339e-04   4.9758566e-03   3.4754479e-02   1.7003751e-01   5.4484691e-01   9.8638073e-01
   1.4092004e-09   6.1059190e-08   1.6257170e-06   3.0265232e-05   4.1025325e-04   4.0839928e-03   2.9510937e-02   1.4987759e-01   5.0170710e-01   9.6400816e-01
   9.9532355e-10   4.4359886e-08   1.2155245e-06   2.3304750e-05   3.2564307e-04   3.3460907e-03   2.5006551e-02   1.3176905e-01   4.6037980e-01   9.3664051e-01
   7.0228540e-10   3.2192193e-08   9.0773388e-07   1.7921151e-05   2.5809682e-04   2.7368351e-03   2.1147161e-02   1.1556217e-01   4.2105783e-01   9.0511424e-01
   4.9503034e-10   2.3336920e-08   6.7708471e-07   1.3763338e-05   2.0426428e-04   2.2348039e-03   1.7848654e-02   1.0110721e-01   3.8387600e-01   8.7022593e-01
   3.4860170e-10   1.6899785e-08   5.0446410e-07   1.0556818e-05   1.6143161e-04   1.8219273e-03   1.5036286e-02   8.8257057e-02   3.4891821e-01   8.3272262e-01
   2.4525459e-10   1.2225735e-08   3.7543359e-07   8.0873870e-06   1.2740545e-04   1.4830088e-03   1.2643954e-02   7.6869233e-02   3.1622452e-01   7.9329484e-01
   1.7238715e-10   8.8356008e-09   2.7910273e-07   6.1881876e-06   1.0041695e-04   1.2053051e-03   1.0613458e-02   6.6807413e-02   2.8579778e-01   7.5257202e-01
   1.2106057e-10   6.3793355e-09   2.0726943e-07   4.7294701e-06   7.9042646e-05   9.7815969e-04   8.8937746e-03   5.7942525e-02   2.5760983e-01   7.1111996e-01
   8.4941557e-11   4.6015450e-09   1.5376533e-07   3.6105104e-06   6.2139356e-05   7.9268425e-04   7.4403473e-03   5.0153476e-02   2.3160731e-01   6.6944018e-01
   5.9547961e-11   3.3161267e-09   1.1395809e-07   2.7532444e-06   4.8790778e-05   6.4148433e-04   6.2144108e-03   4.3327574e-02   2.0771680e-01   6.2797062e-01
   4.1711127e-11   2.3876346e-09   8.4373597e-08   2.0972663e-06   3.8263871e-05   5.1842302e-04   5.1823573e-03   3.7360700e-02   1.8584946e-01   5.8708764e-01
   2.9193374e-11   1.7176068e-09   6.2409913e-08   1.5959058e-06   2.9973279e-05   4.1841903e-04   4.3151471e-03   3.2157282e-02   1.6590516e-01   5.4710890e-01
   2.0416097e-11   1.2345491e-09   4.6120794e-08   1.2131590e-06   2.3452405e-05   3.3727446e-04   3.5877669e-03   2.7630112e-02   1.4777600e-01   5.0829697e-01
   1.4266774e-11   8.8660673e-10   3.4052303e-08   9.2129038e-07   1.8329961e-05   2.7152876e-04   2.9787358e-03   2.3700044e-02   1.3134935e-01   4.7086343e-01
   9.9621201e-12   6.3621049e-10   2.5119602e-08   6.9896420e-07   1.4310984e-05   2.1833510e-04   2.4696592e-03   2.0295611e-02   1.1651045e-01   4.3497326e-01
   6.9511845e-12   4.5616991e-10   1.8514218e-08   5.2979011e-07   1.1161529e-05   1.7535619e-04   2.0448285e-03   1.7352573e-02   1.0314446e-01   4.0074942e-01
   4.8467969e-12   3.2682637e-10   1.3634331e-08   4.0119353e-07   8.6963350e-06   1.4067682e-04   1.6908631e-03   1.4813438e-02   9.1138281e-02   3.6827742e-01
   3.3771279e-12   2.3398100e-10   1.0032460e-08   3.0353970e-07   6.7689125e-06   1.1273051e-04   1.3963943e-03   1.2626955e-02   8.0381837e-02   3.3760982e-01
   2.3514969e-12   1.6738841e-10   7.3762426e-09   2.2945559e-07   5.2636016e-06   9.0238344e-05   1.1517852e-03   1.0747615e-02   7.0769190e-02   3.0877062e-01
   1.6362621e-12   1.1966287e-10   5.4190843e-09   1.7330582e-07   4.0892125e-06   7.2157964e-05   9.4888597e-04   9.1351412e-03   6.2199305e-02   2.8175933e-01
   1.1378369e-12   8.5485114e-11   3.9782139e-09   1.3078819e-07   3.1739468e-06   5.7641245e-05   7.8081907e-04   7.7540132e-03   5.4576603e-02   2.5655487e-01
   7.9073844e-13   6.1027591e-11   2.9183019e-09   9.8622057e-08   2.4613501e-06   4.5999212e-05   6.4179292e-04   6.5729995e-03   4.7811320e-02   2.3311910e-01
   5.4918438e-13   4.3538554e-11   2.1392438e-09   7.4308542e-08   1.9070894e-06   3.6673054e-05   5.2694027e-04   5.5647226e-03   4.1819692e-02   2.1140008e-01
   3.8119100e-13   3.1041382e-11   1.5670622e-09   5.5946299e-08   1.4763948e-06   2.9210214e-05   4.3217852e-04   4.7052505e-03   3.6524007e-02   1.9133497e-01
   2.6443120e-13   2.2117415e-11   1.1471383e-09   4.2090148e-08   1.1420296e-06   2.3244723e-05   3.5408966e-04   3.9737190e-03   3.1852554e-02   1.7285264e-01
   1.8333048e-13   1.5749285e-11   8.3918248e-10   3.1642758e-08   8.8268332e-07   1.8481051e-05   2.8981718e-04   3.3519849e-03   2.7739479e-02   1.5587597e-01
   1.2703246e-13   1.1207975e-11   6.1350126e-10   2.3771745e-08   6.8170157e-07   1.4680876e-05   2.3697797e-04   2.8243093e-03   2.4124573e-02   1.4032382e-01
   8.7974911e-14   7.9714947e-12   4.4822909e-10   1.7846315e-08   5.2608303e-07   1.1652266e-05   1.9358717e-04   2.3770703e-03   2.0953023e-02   1.2611273e-01
   6.0893772e-14   5.6663719e-12   3.2727821e-10   1.3388886e-08   4.0568923e-07   9.2408440e-06   1.5799426e-04   1.9985047e-03   1.8175112e-02   1.1315838e-01
   4.2127196e-14   4.0255873e-12   2.3882147e-10   1.0038209e-08   3.1262249e-07   7.3225989e-06   1.2882889e-04   1.6784757e-03   1.5745915e-02   1.0137683e-01
   2.9129528e-14   2.8583692e-12   1.7417084e-10   7.5212687e-09   2.4073687e-07   5.7980296e-06   1.0495500e-04   1.4082657e-03   1.3624966e-02   9.0685451e-02
   2.0132187e-14   2.0285147e-12   1.2694914e-10   5.6319164e-09   1.8525441e-07   4.5873950e-06   8.5432158e-05   1.1803919e-03   1.1775938e-02   8.1003765e-02
   1.3907222e-14   1.4388467e-12   9.2478881e-11   4.2146195e-09   1.4246419e-07   3.6268624e-06   6.9482916e-05   9.8844396e-04   1.0166308e-02   7.2254065e-02
   9.6025576e-15   1.0200770e-12   6.7331753e-11   3.1521316e-09   1.0948676e-07   2.8653898e-06   5.6465465e-05   8.2693953e-04   8.7670485e-03   6.4361889e-02
   6.6272839e-15   7.2283460e-13   4.8996808e-11   2.3561375e-09   8.4089820e-08   2.2622066e-06   4.5850650e-05   6.9119828e-04   7.5523135e-03   5.7256368e-02
   4.5718425e-15   5.1196202e-13   3.5636244e-11   1.7601658e-09   6.4544360e-08   1.7847801e-06   3.7202748e-05   5.7723106e-04   6.4991524e-03   5.0870454e-02
   3.1525266e-15   3.6243871e-13   2.5905858e-11   1.3142240e-09   4.9512298e-08   1.4071774e-06   3.0163408e-05   4.8164327e-04   5.5872318e-03   4.5141065e-02
   2.1729151e-15   2.5646876e-13   1.8823113e-11   9.8074052e-10   3.7958977e-08   1.1087463e-06   2.4438265e-05   4.0155065e-04   4.7985786e-03   4.0009140e-02
   1.4970896e-15   1.8140211e-13   1.3670288e-11   7.3149876e-10   2.9084998e-08   8.7305597e-07   1.9785787e-05   3.3450620e-04   4.1173404e-03   3.5419632e-02
   1.0310467e-15   1.2825165e-13   9.9234304e-12   5.4532267e-10   2.2273222e-08   6.8704581e-07   1.6008015e-05   2.7843682e-04   3.5295636e-03   3.1321451e-02
   7.0980436e-16   9.0636066e-14   7.2002744e-12   4.0633062e-10   1.7047579e-08   5.4034351e-07   1.2942876e-05   2.3158860e-04   3.0229906e-03   2.7667356e-02
   4.8846453e-16   6.4026701e-14   5.2220889e-12   3.0261958e-10   1.3041095e-08   4.2471889e-07   1.0457815e-05   1.9247963e-04   2.5868737e-03   2.4413825e-02
   3.3602034e-16   4.5211367e-14   3.7857531e-12   2.2527410e-10   9.9710957e-09   3.3364696e-07   8.4445300e-06   1.5985943e-04   2.2118057e-03   2.1520891e-02
   2.3106825e-16   3.1912801e-14   2.7433286e-12   1.6762061e-10   7.6199992e-09   2.6195888e-07   6.8146206e-06   1.3267411e-04   1.8895677e-03   1.8951966e-02
   1.5884043e-16   2.2517346e-14   1.9871263e-12   1.2466670e-10   5.8204386e-09   2.0556332e-07   5.4959990e-06   1.1003651e-04   1.6129900e-03   1.6673654e-02
   1.0915201e-16   1.5882124e-14   1.4387975e-12   9.2679850e-11   4.4437606e-09   1.6122439e-07   4.4299339e-06   9.1200704e-05   1.3758287e-03   1.4655553e-02
   7.4981837e-17   1.1198068e-14   1.0413694e-12   6.8871056e-11   3.3911343e-09   1.2638465e-07   3.5686189e-06   7.5540197e-05   1.1726541e-03   1.2870059e-02
   5.1491751e-17   7.8926821e-15   7.5343377e-13   5.1157505e-11   2.5866868e-09   9.9024379e-08   2.8731742e-06   6.2529385e-05   9.9875156e-04   1.1292168e-02
   3.5349238e-17   5.5610523e-15   5.4490984e-13   3.7984611e-11   1.9722057e-09   7.7549625e-08   2.3120057e-06   5.1727760e-05   8.5003306e-04   9.8992831e-03
   2.4259771e-17   3.9169129e-15   3.9395583e-13   2.8192664e-11   1.5030552e-09   6.0703323e-08   1.8594613e-06   4.2766508e-05   7.2295877e-04   8.6710270e-03
   1.6644125e-17   2.7579668e-15   2.8471979e-13   2.0916978e-11   1.1450296e-09   4.7494760e-08   1.4947298e-06   3.5337143e-05   6.1446745e-04   7.5890626e-03
   1.1415795e-17   1.9413143e-15   2.0570216e-13   1.5513163e-11   8.7193116e-10   3.7143646e-08   1.2009401e-06   2.9181885e-05   5.2191517e-04   6.6369203e-03
   7.8275429e-18   1.3660540e-15   1.4856443e-13   1.1501233e-11   6.6370615e-10   2.9035810e-08   9.6442571e-07   2.4085522e-05   4.4302112e-04   5.7998353e-03
   5.3656456e-18   9.6096680e-16   1.0726284e-13   8.5238354e-12   5.0501236e-10   2.2688137e-08   7.7412387e-07   1.9868539e-05   3.7582006e-04   5.0645949e-03
   3.6770438e-18   6.7580392e-16   7.7418666e-14   6.3150412e-12   3.8411826e-10   1.7720823e-08   6.2108602e-07   1.6381328e-05   3.1862059e-04   4.4193955e-03
   2.5191781e-18   4.7512515e-16   5.5860849e-14   4.6770450e-12   2.9205781e-10   1.3835465e-08   4.9807857e-07   1.3499311e-05   2.6996856e-04   3.8537090e-03
   1.7254608e-18   3.3394384e-16   4.0293795e-14   3.4627793e-12   2.2198194e-10   1.0797740e-08   3.9925819e-07   1.1118834e-05   2.2861508e-04   3.3581599e-03
   1.1815179e-18   2.3464970e-16   2.9056340e-14   2.5629466e-12   1.6866126e-10   8.4237537e-09   3.1990764e-07   9.1537213e-06   1.9348871e-04   2.9244116e-03
